%YAML:1.0
---
K: !!opencv-matrix
   rows: 3
   cols: 3
   dt: d
   data: [ 1.5284760158343183e+03, 0., 9.8488159545929022e+02, 0.,
       1.5195223861685524e+03, 4.5868128025945816e+02, 0., 0., 1. ]
D: !!opencv-matrix
   rows: 1
   cols: 5
   dt: d
   data: [ -2.1781605644625093e-01, 2.3247916154183981e-01,
       1.4005004678082498e-02, -2.4126541939344884e-03,
       -4.2822106186816294e-01 ]
